TEST.SNP.CHROM	TEST.SNP.POS	TEST.SNP.ID	TEST.SNP.REF.ALLELE	TEST.SNP.ALT.ALLELE	REGION.START	REGION.END	LOGLIKE.NULL	LOGLIKE.ALT	CHISQ	P.VALUE	ALPHA	BETA	PHI	TOTAL.AS.READ.COUNT	REF.AS.READ.COUNT	ALT.AS.READ.COUNT	TOTAL.READ.COUNT
chr22	0	b'8'	b'T'	b'C'	1	3	-32.80	-32.24	1.110	0.292094	4.21478	3.26544	0.0209641	20	10	10	198
chr22	1	b'6'	b'T'	b'C'	1	4	-36.33	-36.13	0.406	0.524031	4.63227	3.46744	0.0274789	58	29	29	240
chr22	2	b'9'	b'T'	b'C'	1	5	-38.35	-38.35	0.002	0.964268	4.24363	4.18303	0.0353848	32	16	16	263
chr22	3	b'1'	b'T'	b'C'	2	6	-32.65	-32.02	1.259	0.261781	6.46665	4.42292	0.0119353	126	63	63	266
chr22	4	b'0'	b'T'	b'C'	3	7	-38.22	-38.17	0.097	0.755658	4.53047	5.18354	0.0565883	46	23	23	240
chr22	5	b'5'	b'T'	b'C'	4	8	-37.45	-36.07	2.752	0.09716	7.9184	3.75993	0.0525007	78	39	39	220
chr22	6	b'3'	b'T'	b'C'	5	9	-37.32	-36.14	2.362	0.124285	8.63812	4.89312	0.0406136	34	17	17	254
chr22	7	b'7'	b'T'	b'C'	6	10	-36.06	-35.82	0.484	0.486605	7.20871	5.04743	0.0400366	8	4	4	275
chr22	8	b'4'	b'T'	b'C'	7	10	-34.07	-31.91	4.318	0.0377198	5.5916	2.44305	0.0269044	30	15	15	187
chr22	9	b'2'	b'T'	b'C'	8	10	-33.92	-33.16	1.525	0.216829	6.30045e-08	3.59139	0.0734822	12	6	6	142
